Figure1b/Fig1_DEM.asc
ncols        632
nrows        380
xllcorner    624696.342741000000
yllcorner    4223255.027710000053
cellsize     200.000000000000
NODATA_value  -9999
[rows 80 to 99 of 380, columns 495 to 539 of 632]
1584.6121826171875 1590.03466796875 1597.8466796875 1587.8062744140625 1595.76904296875 1614.1395263671875 1612.015869140625 1613.9010009765625 1613.5606689453125 1608.6695556640625 1613.0450439453125 1627.3287353515625 1616.1971435546875 1654.3262939453125 1678.5631103515625 1707.8614501953125 1753.64501953125 1786.0360107421875 1808.2418212890625 1821.336181640625 1828.6142578125 1836.6964111328125 1839.8206787109375 1842.05517578125 1818.974365234375 1826.5367431640625 1819.068115234375 1842.365478515625 1819.7557373046875 1803.6513671875 1789.344970703125 1829.382080078125 1819.3326416015625 1833.717041015625 1850.2484130859375 1824.451416015625 1818.20654296875 1859.38134765625 1892.1016845703125 1885.3668212890625 1883.72216796875 1891.7196044921875 1920.415283203125 1934.375732421875 1895.4754638671875
1568.1529541015625 1560.507568359375 1563.0966796875 1561.2154541015625 1580.250244140625 1587.715576171875 1584.3125 1582.27685546875 1586.9161376953125 1580.110107421875 1595.50439453125 1601.76123046875 1626.5931396484375 1679.866943359375 1726.3067626953125 1744.4119873046875 1785.9796142578125 1779.486328125 1788.1514892578125 1798.9876708984375 1805.6949462890625 1790.078369140625 1803.00341796875 1816.6962890625 1780.3890380859375 1791.3519287109375 1791.21826171875 1832.8682861328125 1786.476318359375 1773.4678955078125 1769.3597412109375 1814.920654296875 1784.171875 1824.1849365234375 1810.7567138671875 1778.8616943359375 1799.4354248046875 1858.0364990234375 1881.770751953125 1838.8504638671875 1846.81103515625 1878.817138671875 1927.0648193359375 1949.93603515625 1941.787353515625
1525.545166015625 1506.237060546875 1521.4346923828125 1531.218505859375 1541.903564453125 1540.9677734375 1559.29052734375 1586.940673828125 1576.7935791015625 1605.0111083984375 1643.1640625 1631.9990234375 1669.415771484375 1699.4586181640625 1731.440673828125 1774.5250244140625 1784.102294921875 1760.950439453125 1761.75048828125 1797.1185302734375 1787.292724609375 1757.7833251953125 1786.2957763671875 1790.601806640625 1746.91748046875 1766.0843505859375 1776.45263671875 1813.3900146484375 1772.98876953125 1726.822021484375 1766.09033203125 1808.0260009765625 1761.3839111328125 1807.701416015625 1781.041015625 1773.3868408203125 1823.793212890625 1870.1019287109375 1870.0863037109375 1808.7608642578125 1857.26220703125 1893.58837890625 1922.49560546875 1928.782470703125 1929.49853515625
1518.652587890625 1541.45361328125 1551.1263427734375 1555.472412109375 1555.3525390625 1579.762451171875 1588.5277099609375 1611.6478271484375 1595.1463623046875 1644.397705078125 1667.328369140625 1668.183837890625 1694.140869140625 1745.3072509765625 1768.8116455078125 1765.677490234375 1741.14599609375 1720.169677734375 1739.1806640625 1776.8653564453125 1766.526611328125 1724.4560546875 1768.65869140625 1774.62890625 1715.51171875 1725.3416748046875 1755.1126708984375 1773.685791015625 1727.97412109375 1715.3370361328125 1781.479736328125 1808.6949462890625 1741.537353515625 1764.5802001953125 1740.9298095703125 1794.198486328125 1851.66455078125 1865.935546875 1841.7703857421875 1777.8555908203125 1837.8870849609375 1880.3460693359375 1896.6715087890625 1896.2587890625 1897.12255859375
1530.363037109375 1536.3677978515625 1537.298583984375 1572.1966552734375 1591.7490234375 1614.15771484375 1619.198486328125 1621.1689453125 1607.613525390625 1639.1947021484375 1658.0821533203125 1687.314697265625 1728.622314453125 1757.4505615234375 1742.8394775390625 1746.3177490234375 1719.2080078125 1703.453369140625 1714.3297119140625 1755.0433349609375 1746.6329345703125 1702.5867919921875 1743.8790283203125 1765.5450439453125 1721.7890625 1681.9736328125 1748.9984130859375 1743.1650390625 1688.187744140625 1733.69580078125 1793.047119140625 1808.29345703125 1745.1739501953125 1713.805908203125 1762.6492919921875 1814.033203125 1841.40380859375 1848.5460205078125 1805.0001220703125 1765.5284423828125 1841.46875 1871 1878.0924072265625 1880.8165283203125 1881.886962890625
1480.67578125 1492.959228515625 1505.416015625 1541.54736328125 1564.189453125 1597.04296875 1628.447265625 1648.2972412109375 1619.6881103515625 1653.8966064453125 1707.39501953125 1707.609130859375 1717.9852294921875 1720.72509765625 1700.978271484375 1726.37890625 1704.304931640625 1684.3255615234375 1708.7550048828125 1728.7281494140625 1726.23779296875 1686.826904296875 1718.5604248046875 1751.525390625 1709.9014892578125 1674.9464111328125 1744.134765625 1721.6334228515625 1677.520263671875 1737.7615966796875 1810.2138671875 1794.5303955078125 1738.770751953125 1712.5909423828125 1766.7928466796875 1790.9521484375 1830.8460693359375 1813.0225830078125 1766.2259521484375 1774.301025390625 1852.5130615234375 1862.7392578125 1840.394287109375 1873.0693359375 1892.47509765625
1400.462158203125 1409.408447265625 1410.8551025390625 1491.7545166015625 1528.314697265625 1571.465087890625 1604.790771484375 1645.451416015625 1618.5062255859375 1636.0325927734375 1667.8592529296875 1696.353759765625 1711.3944091796875 1689.84521484375 1670.6671142578125 1707.2987060546875 1678.6907958984375 1661.353515625 1681.2823486328125 1714.0897216796875 1693.3037109375 1664.626953125 1712.83984375 1733.2017822265625 1676.661865234375 1678.688232421875 1740.9195556640625 1690.8270263671875 1679.6439208984375 1743.2154541015625 1794.06103515625 1768.1351318359375 1715.96435546875 1697.9112548828125 1746.1680908203125 1804.437255859375 1823.26904296875 1774.76025390625 1728.691650390625 1786.858642578125 1858.3858642578125 1842.3197021484375 1845.78759765625 1880.568603515625 1926.514404296875
1483.82177734375 1512.14501953125 1502.7562255859375 1462.6539306640625 1529.4259033203125 1549.667724609375 1573.38525390625 1618.0374755859375 1606.423095703125 1612.1636962890625 1666.148681640625 1673.5645751953125 1661.0816650390625 1648.3529052734375 1660.208251953125 1674.9530029296875 1651.6875 1637.24365234375 1691.83251953125 1675.6541748046875 1652.4844970703125 1648.452392578125 1710.170166015625 1703.09912109375 1635.63427734375 1688.2542724609375 1725.1226806640625 1667.2982177734375 1680.712158203125 1737.1954345703125 1764.2178955078125 1725.309814453125 1678.7874755859375 1713.687744140625 1774.192138671875 1793.57666015625 1788.2823486328125 1752.362548828125 1732.808837890625 1805.7884521484375 1831.4107666015625 1805.20947265625 1856.291748046875 1889.2576904296875 1914.8863525390625
1560.634521484375 1554.662841796875 1551.849609375 1513.6246337890625 1531.923583984375 1528.4534912109375 1524.821533203125 1555.5274658203125 1576.271484375 1563.0472412109375 1637.5186767578125 1619.6192626953125 1626.02587890625 1615.7999267578125 1628.4263916015625 1647.6409912109375 1619.0738525390625 1638.0350341796875 1680.189453125 1650.1988525390625 1620.781494140625 1672.8643798828125 1707.6856689453125 1662.517333984375 1636.9814453125 1700.258544921875 1695.3487548828125 1637.1455078125 1678.1533203125 1729.2001953125 1744.1422119140625 1689.3870849609375 1658.3238525390625 1718.6041259765625 1766.911865234375 1753.9898681640625 1748.36572265625 1710.812744140625 1745.535888671875 1819.73193359375 1802.745849609375 1805.1326904296875 1858.863037109375 1849.5916748046875 1882.197265625
1590.617431640625 1581.4215087890625 1588.4945068359375 1581.351806640625 1568.5167236328125 1583.4429931640625 1565.3638916015625 1528.020263671875 1556.201904296875 1544.6387939453125 1588.29931640625 1593.8458251953125 1601.7752685546875 1594.210693359375 1608.209716796875 1629.9931640625 1594.677001953125 1641.2220458984375 1658.468017578125 1630.1083984375 1620.511474609375 1690.552978515625 1678.541015625 1639.53076171875 1637.913330078125 1694.72802734375 1676.9775390625 1613.2132568359375 1676.833740234375 1705.7503662109375 1710.7977294921875 1655.7869873046875 1677.6837158203125 1746.964111328125 1754.084228515625 1713.7120361328125 1701.22998046875 1706.614501953125 1761.875244140625 1808.650634765625 1777.9029541015625 1828.71533203125 1832.0732421875 1818.77783203125 1858.68115234375
1593.8931884765625 1606.8709716796875 1599.31005859375 1604.187255859375 1594.236328125 1612.991455078125 1591.0701904296875 1588.0517578125 1540.14892578125 1536.412841796875 1550.0390625 1574.2454833984375 1573.826171875 1579.202392578125 1588.47314453125 1602.6470947265625 1590.0408935546875 1625.9112548828125 1631.0301513671875 1611.0478515625 1634.1455078125 1664.7783203125 1650.1788330078125 1612.9766845703125 1643.68896484375 1679.9671630859375 1658.4866943359375 1604.7352294921875 1658.52294921875 1679.176025390625 1690.154541015625 1638.693603515625 1690.339599609375 1743.8262939453125 1727.2025146484375 1663.340087890625 1717.4495849609375 1748.220458984375 1766.6912841796875 1775.655517578125 1801.4813232421875 1807.7364501953125 1784.5211181640625 1783.390380859375 1826.39013671875
1579.8017578125 1628.697509765625 1621.855224609375 1625.85107421875 1639.062255859375 1640.994873046875 1611.552734375 1620.90869140625 1585.5379638671875 1583.1287841796875 1582.3876953125 1570.7371826171875 1550.72900390625 1547.641357421875 1549.939208984375 1559.3780517578125 1578.7442626953125 1587.4849853515625 1591.45654296875 1584.51171875 1602.8302001953125 1610.179931640625 1604.5625 1600.762451171875 1621.5931396484375 1636.734375 1618.413818359375 1599.5982666015625 1614.0106201171875 1641.416748046875 1652.0147705078125 1634.664794921875 1694.5108642578125 1711.009521484375 1700.07763671875 1657.2840576171875 1716.3143310546875 1715.73291015625 1720.152099609375 1779.73388671875 1811.5184326171875 1773.1351318359375 1740.150634765625 1768.6861572265625 1792.803955078125
1568.1943359375 1628.385986328125 1649.6414794921875 1629.989990234375 1658.883056640625 1668.949951171875 1650.7943115234375 1653.8477783203125 1613.6903076171875 1620.657470703125 1612.9344482421875 1612.520263671875 1584.4744873046875 1569.5345458984375 1561.71044921875 1554.4923095703125 1559.3558349609375 1561.5797119140625 1566.421142578125 1572.57861328125 1573.5938720703125 1576.7322998046875 1579.645751953125 1579.288818359375 1577.5439453125 1583.0777587890625 1586.38232421875 1589.7542724609375 1588.2635498046875 1614.64111328125 1631.364990234375 1647.2279052734375 1675.9013671875 1687.364990234375 1674.8128662109375 1665.7601318359375 1700.2630615234375 1681.1937255859375 1700.3282470703125 1751.8497314453125 1781.5015869140625 1758.16162109375 1721.9256591796875 1754.9552001953125 1783.1900634765625
1602.44921875 1626.2467041015625 1660.8184814453125 1651.12548828125 1661.3828125 1659.1519775390625 1667.500732421875 1670.8023681640625 1641.8046875 1654.8861083984375 1661.0419921875 1659.0828857421875 1635.3101806640625 1632.666748046875 1619.731201171875 1587.3890380859375 1584.3382568359375 1560.908203125 1569.0015869140625 1568.4423828125 1572.8653564453125 1575.4027099609375 1576.89501953125 1573.7598876953125 1578.0064697265625 1586.3028564453125 1583.772705078125 1584.6046142578125 1624.0423583984375 1598.8824462890625 1607.7333984375 1626.724609375 1634.3651123046875 1652.381591796875 1646.149658203125 1665.71923828125 1669.70703125 1657.644775390625 1699.8685302734375 1747.049560546875 1739.6583251953125 1743.6141357421875 1708.125244140625 1727.1943359375 1772.7501220703125
1599.8619384765625 1625.98876953125 1641.7066650390625 1597.013916015625 1621.8994140625 1592.1038818359375 1632.0482177734375 1660.6568603515625 1674.4539794921875 1673.5875244140625 1687.4178466796875 1688.729248046875 1685.795654296875 1680.67138671875 1663.771728515625 1638.00732421875 1646.702392578125 1618.4923095703125 1646.19775390625 1625.849609375 1595.109619140625 1632.7557373046875 1604.47021484375 1635.2764892578125 1621.6368408203125 1628.4542236328125 1648.46142578125 1634.076904296875 1601.892578125 1636.796875 1609.4095458984375 1599.841064453125 1607.8497314453125 1619.4307861328125 1624.417724609375 1620.890869140625 1637.311279296875 1636.146728515625 1650.4405517578125 1706.684814453125 1701.8382568359375 1707.123779296875 1697.446044921875 1718.662353515625 1744.508056640625
1537.57958984375 1607.33984375 1615.0484619140625 1561.9486083984375 1576.3785400390625 1587.0272216796875 1634.3515625 1610.5670166015625 1659.9813232421875 1655.303466796875 1661.08447265625 1669.930419921875 1682.7255859375 1690.1201171875 1706.6422119140625 1698.650390625 1695.61669921875 1666.373291015625 1687.1578369140625 1683.6368408203125 1636.0189208984375 1650.9385986328125 1627.9039306640625 1671.6529541015625 1667.6458740234375 1648.552001953125 1707.353271484375 1693.6103515625 1633.451904296875 1629.7568359375 1659.411865234375 1650.2879638671875 1632.0482177734375 1633.316162109375 1638.841552734375 1652.1727294921875 1682.7198486328125 1675.8485107421875 1666.072021484375 1663.8990478515625 1688.3934326171875 1693.8890380859375 1690.0950927734375 1704.5562744140625 1719.4149169921875
1517.6705322265625 1593.6182861328125 1590.1971435546875 1547.330078125 1520.5443115234375 1582.276123046875 1598.8135986328125 1606.2578125 1625.965087890625 1612.003173828125 1616.5516357421875 1616.111572265625 1637.0655517578125 1661.12158203125 1697.43408203125 1724.251220703125 1736.1676025390625 1720.0006103515625 1724.876220703125 1718.7974853515625 1671.728515625 1673.6690673828125 1648.367431640625 1695.3575439453125 1684.068115234375 1653.630615234375 1722.9390869140625 1735.970458984375 1696.209716796875 1648.7724609375 1657.1927490234375 1703.6224365234375 1701.9534912109375 1710.6207275390625 1684.072509765625 1709.3448486328125 1737.088134765625 1724.7357177734375 1689.223388671875 1656.0294189453125 1667.233154296875 1669.8438720703125 1683.5418701171875 1687.593994140625 1689.89599609375
1503.279052734375 1561.129150390625 1522.094482421875 1541.6446533203125 1511.3343505859375 1559.0655517578125 1539.23046875 1583.34033203125 1576.734619140625 1555.9171142578125 1585.649658203125 1620.7474365234375 1653.8885498046875 1649.0870361328125 1662.6077880859375 1704.194580078125 1733.524658203125 1747.0125732421875 1746.0301513671875 1723.6474609375 1696.420654296875 1703.7799072265625 1664.7120361328125 1722.156982421875 1715.8153076171875 1672.625732421875 1719.107177734375 1745.396240234375 1731.816650390625 1671.24365234375 1639.6051025390625 1673.0770263671875 1744.3980712890625 1746.259033203125 1720.71875 1719.578369140625 1763.1148681640625 1759.4490966796875 1708.0736083984375 1668.02783203125 1656.193115234375 1657.64892578125 1661.9912109375 1669.4415283203125 1675.2255859375
1498.4227294921875 1519.59326171875 1493.6820068359375 1498.603515625 1502.34326171875 1521.5782470703125 1531.329833984375 1526.94140625 1551.41162109375 1577.1224365234375 1640.19091796875 1662.2813720703125 1688.3399658203125 1697.7740478515625 1694.6578369140625 1680.8206787109375 1715.0101318359375 1739.8394775390625 1742.2510986328125 1732.624755859375 1736.6412353515625 1726.2525634765625 1686.7796630859375 1711.7823486328125 1737.72802734375 1712.676025390625 1704.2432861328125 1764.8585205078125 1719.193115234375 1670.579833984375 1681.338134765625 1662.024658203125 1729.3983154296875 1779.439697265625 1757.1251220703125 1722.9373779296875 1781.5931396484375 1773.1488037109375 1737.361083984375 1675.635498046875 1684.846923828125 1691.5028076171875 1702.521484375 1718.449462890625 1707.8619384765625
1442.878173828125 1453.38232421875 1463.900146484375 1514.5118408203125 1551.731689453125 1552.0582275390625 1545.5067138671875 1576.69677734375 1623.6282958984375 1614.7210693359375 1583.6549072265625 1624.8836669921875 1654.8095703125 1681.3538818359375 1721.6070556640625 1739.5531005859375 1725.2376708984375 1736.4073486328125 1755.5625 1771.3702392578125 1772.040283203125 1740.5078125 1717.4569091796875 1760.123779296875 1785.520751953125 1765.64404296875 1731.037109375 1776.5643310546875 1741.707763671875 1729.60546875 1734.9578857421875 1670.89404296875 1722.717529296875 1786.982421875 1791.0877685546875 1771.25927734375 1776.8060302734375 1732.6744384765625 1708.909912109375 1668.990966796875 1712.6572265625 1713.045166015625 1755.337646484375 1772.57275390625 1768.409423828125
