Figure1b/Fig1_DEM.asc
ncols        632
nrows        380
xllcorner    624696.342741000000
yllcorner    4223255.027710000053
cellsize     200.000000000000
NODATA_value  -9999
[rows 100 to 119 of 380, columns 225 to 269 of 632]
307.92413330078125 302.641876220703125 264.376739501953125 237.1475830078125 243.50933837890625 254.1475067138671875 311.833251953125 343.857452392578125 346.51336669921875 348.79449462890625 383.575042724609375 375.424224853515625 336.78887939453125 307.631591796875 286.763214111328125 283.77752685546875 272.6336669921875 287.92169189453125 311.87396240234375 349.92755126953125 370.208648681640625 341.8243408203125 367.28887939453125 359.86065673828125 330.19915771484375 303.0450439453125 300.673583984375 307.734130859375 312.931182861328125 319.23492431640625 305.047943115234375 312.37255859375 357.631103515625 390.448028564453125 378.25457763671875 374.70281982421875 388.227813720703125 391.668182373046875 396.356109619140625 402.27044677734375 412.771026611328125 415.314666748046875 414.813201904296875 415.90234375 415.07440185546875
288.433837890625 330.024627685546875 305.638092041015625 252.66595458984375 283.83917236328125 277.726531982421875 329.34698486328125 330.108123779296875 350.80169677734375 354.517364501953125 379.52490234375 378.266448974609375 361.01446533203125 316.37994384765625 286.462738037109375 300.598602294921875 266.12274169921875 275.76605224609375 298.419586181640625 335.66790771484375 373.93499755859375 356.28643798828125 364.860687255859375 377.763092041015625 328.639312744140625 305.230010986328125 296.537109375 300.2818603515625 310.688385009765625 318.365142822265625 297.20733642578125 312.65411376953125 358.99169921875 378.683502197265625 407.136138916015625 410.501251220703125 393.46661376953125 392.469970703125 395.894439697265625 398.41900634765625 408.0784912109375 413.3856201171875 417.204345703125 416.7845458984375 412.412750244140625
247.981689453125 295.169891357421875 325.47998046875 296.34478759765625 315.095550537109375 325.28564453125 330.409149169921875 331.284637451171875 335.849639892578125 362.995697021484375 374.699371337890625 342.379638671875 340.52886962890625 315.52105712890625 288.7213134765625 264.2333984375 258.720672607421875 277.49334716796875 279.275909423828125 317.122344970703125 345.017791748046875 359.45635986328125 369.78936767578125 339.101348876953125 332.638916015625 317.8602294921875 320.39715576171875 289.989410400390625 303.5750732421875 299.45098876953125 308.949615478515625 331.071502685546875 340.399383544921875 377.536346435546875 387.40350341796875 397.59246826171875 382.170867919921875 403.50030517578125 401.899566650390625 410.333343505859375 406.29156494140625 414.17230224609375 417.130340576171875 417.546875 410.030975341796875
259.3096923828125 317.989471435546875 330.452239990234375 329.7657470703125 305.538665771484375 340.98291015625 333.931976318359375 341.210784912109375 316.85760498046875 336.52178955078125 362.32818603515625 370.725128173828125 345.53448486328125 310.679046630859375 291.113128662109375 281.878082275390625 256.116973876953125 267.25439453125 281.5726318359375 289.04205322265625 325.934600830078125 354.80059814453125 359.01806640625 365.722442626953125 327.019989013671875 313.63201904296875 295.489349365234375 295.360687255859375 298.173248291015625 303.526458740234375 309.021270751953125 330.690826416015625 331.204986572265625 356.181121826171875 377.8316650390625 380.007049560546875 392.976715087890625 399.44903564453125 404.13604736328125 417.583099365234375 412.49359130859375 413.980194091796875 415.593841552734375 414.269287109375 410.2061767578125
247.0108489990234375 284.077423095703125 301.58477783203125 325.736328125 322.284881591796875 336.282318115234375 343.3450927734375 324.61517333984375 317.840179443359375 312.275634765625 321.91387939453125 332.265533447265625 339.478302001953125 332.554229736328125 307.874237060546875 284.719390869140625 254.9941558837890625 270.96881103515625 261.991302490234375 268.0904541015625 299.94140625 323.5185546875 335.331024169921875 343.993560791015625 328.819366455078125 322.70269775390625 321.074066162109375 318.426483154296875 284.897003173828125 293.733306884765625 297.8919677734375 304.9281005859375 324.909698486328125 329.585906982421875 356.345916748046875 353.90252685546875 367.13427734375 387.047149658203125 404.425506591796875 418.767730712890625 415.453033447265625 415.227294921875 419.30963134765625 416.643035888671875 415.304107666015625
223.76873779296875 239.2139739990234375 285.82733154296875 324.3260498046875 337.1785888671875 323.756256103515625 323.6162109375 309.357421875 318.673187255859375 305.44061279296875 316.106109619140625 323.095245361328125 321.98638916015625 328.59423828125 322.73779296875 300.462615966796875 279.490325927734375 245.6099700927734375 248.852874755859375 276.312225341796875 296.038299560546875 315.591796875 334.163543701171875 336.7476806640625 324.62139892578125 319.789093017578125 297.45166015625 294.07269287109375 288.89007568359375 283.23388671875 295.6453857421875 297.062713623046875 321.709503173828125 326.521484375 370.079559326171875 379.683868408203125 385.407501220703125 380.42706298828125 397.24627685546875 414.282684326171875 427.279052734375 424.08856201171875 421.84393310546875 417.453887939453125 412.305145263671875
201.8571929931640625 236.9134063720703125 269.41790771484375 295.838043212890625 339.87115478515625 334.086517333984375 315.282928466796875 299.730865478515625 312.765411376953125 303.184234619140625 307.32305908203125 313.69189453125 305.9068603515625 333.32440185546875 342.665374755859375 325.910919189453125 309.416839599609375 283.076263427734375 241.566864013671875 274.74609375 306.90936279296875 340.68817138671875 350.984893798828125 338.688262939453125 329.690032958984375 317.839874267578125 294.2431640625 296.77191162109375 277.363739013671875 273.149566650390625 277.635772705078125 295.5665283203125 326.497589111328125 328.485137939453125 349.058258056640625 357.680511474609375 376.6004638671875 385.154815673828125 407.175323486328125 412.241363525390625 426.275360107421875 427.3382568359375 423.264129638671875 420.552154541015625 415.328765869140625
221.575897216796875 207.650604248046875 245.5806884765625 280.63067626953125 307.122406005859375 337.418487548828125 334.413787841796875 311.4854736328125 289.2601318359375 289.82977294921875 291.58868408203125 292.49005126953125 318.721771240234375 331.050933837890625 344.32611083984375 345.333587646484375 321.744903564453125 295.12542724609375 253.8830718994140625 246.303619384765625 267.40423583984375 274.90606689453125 310.413055419921875 344.781951904296875 340.940399169921875 302.651336669921875 274.587158203125 274.30438232421875 254.21551513671875 291.589996337890625 303.56427001953125 304.545196533203125 298.266357421875 327.288330078125 320.063079833984375 348.525115966796875 358.12872314453125 400.851898193359375 390.6915283203125 417.115264892578125 429.874267578125 428.9573974609375 427.36431884765625 426.729217529296875 407.319580078125
211.7148284912109375 221.959686279296875 219.036285400390625 240.4742279052734375 272.1220703125 306.651092529296875 335.98077392578125 323.726409912109375 300.143798828125 298.63482666015625 277.7222900390625 295.9964599609375 321.8079833984375 330.4949951171875 328.09100341796875 346.5849609375 318.33868408203125 273.18353271484375 242.1401824951171875 254.049285888671875 248.162872314453125 265.23638916015625 288.837677001953125 328.70208740234375 345.43377685546875 308.859130859375 271.58221435546875 245.577667236328125 251.4514923095703125 293.39801025390625 301.62738037109375 332.14373779296875 303.21282958984375 304.056488037109375 318.757568359375 338.54931640625 356.48150634765625 391.01031494140625 403.7022705078125 420.848876953125 435.55810546875 440.117645263671875 430.186279296875 423.279022216796875 409.033843994140625
194.716888427734375 220.016845703125 220.749176025390625 223.983245849609375 247.228424072265625 278.85528564453125 311.371734619140625 324.742889404296875 298.22393798828125 297.193115234375 274.276275634765625 284.865936279296875 291.397125244140625 303.14556884765625 317.558837890625 325.08160400390625 297.36383056640625 271.76666259765625 248.367279052734375 247.18939208984375 248.0750732421875 235.23858642578125 282.971099853515625 317.374847412109375 298.688201904296875 292.689422607421875 248.9640960693359375 237.4073486328125 248.8344879150390625 279.30133056640625 306.456787109375 324.82061767578125 332.47015380859375 299.0638427734375 308.173431396484375 333.206451416015625 338.12457275390625 367.58831787109375 389.585113525390625 416.75286865234375 430.446685791015625 439.62261962890625 429.7169189453125 413.629669189453125 416.885009765625
177.486663818359375 197.5333251953125 224.5019073486328125 206.0836944580078125 224.4421539306640625 256.213470458984375 304.789520263671875 329.3153076171875 311.156585693359375 282.92584228515625 272.051971435546875 266.253326416015625 285.870208740234375 275.67431640625 304.313812255859375 298.959503173828125 305.059539794921875 283.67626953125 286.061370849609375 228.9612884521484375 229.2218475341796875 235.040191650390625 249.375274658203125 286.32745361328125 274.2694091796875 225.1245880126953125 255.32958984375 271.39654541015625 260.62274169921875 263.45672607421875 279.9678955078125 306.1627197265625 341.34344482421875 321.26934814453125 305.173248291015625 317.62640380859375 338.9827880859375 354.320831298828125 388.066314697265625 390.701507568359375 412.427001953125 427.46661376953125 426.911041259765625 418.965423583984375 415.051727294921875
173.9575042724609375 191.8428192138671875 204.505889892578125 204.41143798828125 214.5253753662109375 246.50164794921875 295.5457763671875 324.918731689453125 320.432891845703125 289.69573974609375 266.640899658203125 266.073486328125 258.952606201171875 270.299713134765625 291.1416015625 288.227691650390625 286.95263671875 304.8267822265625 305.510650634765625 252.8842010498046875 222.1389312744140625 234.7765960693359375 223.55377197265625 244.4994049072265625 244.7071075439453125 244.8317413330078125 310.844573974609375 303.91656494140625 300.094482421875 313.462188720703125 292.00762939453125 293.087371826171875 334.2623291015625 349.359344482421875 313.03826904296875 309.7052001953125 331.137359619140625 349.548858642578125 375.365234375 397.057830810546875 408.991912841796875 413.076416015625 412.45831298828125 423.92529296875 423.32818603515625
191.07586669921875 183.448944091796875 203.6712799072265625 201.89324951171875 215.485137939453125 227.353515625 264.6064453125 295.08355712890625 316.959259033203125 300.91961669921875 281.4464111328125 250.3076324462890625 244.9122772216796875 258.703857421875 274.775604248046875 263.77020263671875 258.762725830078125 279.014892578125 299.23687744140625 284.349029541015625 242.532867431640625 215.4800872802734375 214.0187225341796875 216.2440185546875 242.5892181396484375 304.432281494140625 327.138427734375 342.030487060546875 335.055328369140625 317.753265380859375 329.587677001953125 299.606201171875 339.89654541015625 356.31512451171875 341.558807373046875 311.20489501953125 317.735137939453125 341.63165283203125 370.55010986328125 414.185546875 408.42425537109375 390.258026123046875 418.858062744140625 429.979644775390625 429.288177490234375
199.2985687255859375 196.3235015869140625 199.239013671875 220.5221099853515625 214.1158905029296875 233.7071075439453125 233.320220947265625 243.0567626953125 308.0419921875 303.17828369140625 290.816986083984375 264.0404052734375 234.700286865234375 244.290771484375 278.5179443359375 255.596771240234375 237.3167877197265625 257.8255615234375 289.119171142578125 282.32904052734375 283.18463134765625 237.12799072265625 208.647308349609375 216.1476593017578125 240.64129638671875 291.181121826171875 333.2005615234375 333.5189208984375 353.7607421875 357.051177978515625 346.7633056640625 339.967010498046875 319.960540771484375 366.00531005859375 362.516754150390625 318.539154052734375 321.2750244140625 337.95806884765625 347.72674560546875 389.62896728515625 391.2191162109375 392.377349853515625 386.037994384765625 423.201019287109375 427.178314208984375
194.7021942138671875 221.0861358642578125 204.519195556640625 205.6597137451171875 232.3051300048828125 226.2919158935546875 236.738861083984375 211.739654541015625 260.35076904296875 296.0213623046875 301.192291259765625 280.5787353515625 269.735015869140625 216.4095611572265625 264.223052978515625 268.478302001953125 233.594635009765625 246.8656768798828125 287.898223876953125 248.5145416259765625 285.342071533203125 268.403900146484375 229.0147705078125 205.911529541015625 228.0689849853515625 266.060516357421875 290.630462646484375 309.486053466796875 335.384765625 355.92218017578125 362.7861328125 376.77569580078125 355.72283935546875 356.106292724609375 378.902313232421875 344.480926513671875 320.392791748046875 327.67279052734375 352.8360595703125 357.158355712890625 383.1065673828125 390.916412353515625 381.92364501953125 408.278106689453125 424.862060546875
175.9650421142578125 193.0357818603515625 207.722076416015625 214.146026611328125 240.5753631591796875 221.0266265869140625 203.9659576416015625 195.427093505859375 219.3656768798828125 245.6073150634765625 247.2812347412109375 270.826080322265625 269.3519287109375 213.89385986328125 235.4395751953125 240.2887115478515625 207.1856231689453125 259.53265380859375 265.27117919921875 225.7053680419921875 239.9384307861328125 260.755828857421875 262.0150146484375 240.8271636962890625 206.48004150390625 219.7607421875 251.4458465576171875 292.039398193359375 342.365631103515625 354.210601806640625 359.58306884765625 367.89501953125 375.9227294921875 386.803985595703125 386.753997802734375 361.06756591796875 329.527252197265625 328.021575927734375 342.584686279296875 359.683197021484375 366.54278564453125 379.34454345703125 375.18475341796875 390.86663818359375 426.616485595703125
168.484710693359375 175.034515380859375 201.7955474853515625 223.20166015625 218.201263427734375 247.7724609375 227.2068328857421875 200.3140106201171875 187.9916534423828125 203.8586883544921875 255.6265869140625 227.538238525390625 233.9563140869140625 217.2342376708984375 203.116729736328125 241.5610504150390625 195.2267913818359375 245.4731903076171875 251.179718017578125 223.312347412109375 194.1582489013671875 196.095611572265625 216.8850860595703125 245.5150909423828125 208.864959716796875 227.9129180908203125 238.31915283203125 254.360107421875 306.403411865234375 324.989990234375 340.47210693359375 351.455230712890625 373.520355224609375 377.388946533203125 386.48785400390625 373.005462646484375 355.688079833984375 328.776031494140625 329.754364013671875 353.71295166015625 365.941131591796875 375.926971435546875 375.238555908203125 409.55816650390625 427.551544189453125
163.7821197509765625 171.879241943359375 177.3668365478515625 203.9659576416015625 222.1595306396484375 266.614501953125 241.160980224609375 207.0754547119140625 188.86907958984375 182.9278106689453125 199.183349609375 214.9163055419921875 196.215789794921875 190.7725372314453125 205.8891448974609375 197.3891754150390625 203.6729278564453125 244.0713653564453125 237.5842132568359375 183.048431396484375 208.06494140625 230.7800140380859375 239.3728485107421875 210.4060211181640625 197.92462158203125 204.551177978515625 218.0674285888671875 233.9911041259765625 262.90557861328125 275.83111572265625 296.163177490234375 335.937591552734375 366.563995361328125 368.016510009765625 376.0362548828125 373.76080322265625 364.94268798828125 336.594329833984375 343.341522216796875 354.322723388671875 353.380950927734375 369.384368896484375 368.4102783203125 395.738922119140625 427.50653076171875
160.52520751953125 165.0108184814453125 177.293182373046875 192.843994140625 219.7941131591796875 229.0006256103515625 244.63555908203125 225.8140869140625 205.8432464599609375 192.0968780517578125 176.056610107421875 181.594818115234375 183.742889404296875 193.382171630859375 212.3839111328125 187.8145599365234375 215.4913787841796875 235.2812957763671875 195.6229248046875 235.2295379638671875 248.9570159912109375 225.5399932861328125 295.058685302734375 292.69366455078125 256.279541015625 242.293121337890625 214.326629638671875 232.626983642578125 239.03912353515625 283.14923095703125 317.467681884765625 332.119171142578125 333.56036376953125 350.249755859375 354.144683837890625 366.68096923828125 397.99578857421875 360.051788330078125 341.732879638671875 342.069183349609375 341.64825439453125 357.59539794921875 367.800323486328125 394.63671875 431.311767578125
159.00103759765625 162.4679412841796875 165.2906646728515625 173.355865478515625 195.9079132080078125 213.428192138671875 226.8685150146484375 239.85723876953125 227.4786529541015625 196.69049072265625 175.558868408203125 175.25677490234375 181.7886505126953125 174.2966156005859375 184.469940185546875 174.68988037109375 181.4941253662109375 186.9691619873046875 228.892730712890625 250.8567657470703125 275.146820068359375 296.348541259765625 285.248779296875 305.606536865234375 270.300506591796875 263.5172119140625 287.9151611328125 250.00396728515625 228.8723297119140625 249.833587646484375 276.286285400390625 318.2252197265625 339.82049560546875 333.967681884765625 342.15380859375 365.01220703125 392.11419677734375 383.64166259765625 351.514129638671875 342.03289794921875 341.78729248046875 364.1453857421875 357.790863037109375 386.1357421875 415.9000244140625
