Figure1b/Fig1_DEM.asc
ncols        632
nrows        380
xllcorner    624696.342741000000
yllcorner    4223255.027710000053
cellsize     200.000000000000
NODATA_value  -9999
[rows 80 to 99 of 380, columns 270 to 314 of 632]
453.50555419921875 453.089813232421875 451.93341064453125 451.8421630859375 465.199493408203125 454.7802734375 434.40814208984375 399.90570068359375 437.93096923828125 433.192138671875 423.36138916015625 438.832061767578125 428.35760498046875 418.777984619140625 427.92559814453125 431.942047119140625 460.8785400390625 487.645538330078125 487.06964111328125 466.04736328125 467.73834228515625 444.264373779296875 444.164947509765625 449.181488037109375 473.460693359375 455.17010498046875 450.623382568359375 481.374267578125 481.3223876953125 487.9788818359375 463.81524658203125 461.746612548828125 463.672576904296875 467.150543212890625 468.280303955078125 486.918243408203125 485.2781982421875 479.164703369140625 488.391204833984375 480.7520751953125 492.678070068359375 494.693359375 513.639892578125 515.3624267578125 509.02520751953125
454.6944580078125 455.636566162109375 453.336334228515625 452.803314208984375 461.289825439453125 452.359466552734375 441.5184326171875 408.225860595703125 416.895172119140625 428.60711669921875 427.492218017578125 439.581878662109375 458.443389892578125 436.925811767578125 430.213409423828125 432.590118408203125 454.351165771484375 492.05853271484375 483.1937255859375 501.49371337890625 495.19171142578125 442.48486328125 456.903350830078125 468.3377685546875 472.457550048828125 465.87884521484375 464.87762451171875 475.475189208984375 474.83746337890625 474.16876220703125 467.843414306640625 470.38714599609375 486.054412841796875 498.61456298828125 487.07806396484375 501.920135498046875 493.909027099609375 486.45831298828125 476.801666259765625 481.069793701171875 487.285186767578125 499.1243896484375 529.42633056640625 537.2479248046875 519.42803955078125
456.764129638671875 458.914794921875 454.174713134765625 458.51300048828125 464.302642822265625 461.401641845703125 440.573883056640625 415.16094970703125 418.9755859375 435.32110595703125 430.6136474609375 460.365753173828125 490.450103759765625 451.097686767578125 433.10589599609375 431.470062255859375 450.387420654296875 493.26690673828125 502.443450927734375 485.520172119140625 478.375274658203125 445.798370361328125 450.790313720703125 483.66204833984375 476.241790771484375 458.279266357421875 455.539703369140625 457.489898681640625 477.858001708984375 483.538330078125 474.897216796875 473.846160888671875 488.403228759765625 488.385406494140625 497.272735595703125 509.207366943359375 487.929443359375 495.835693359375 488.50848388671875 483.256378173828125 491.8795166015625 501.7891845703125 539.16461181640625 555.197265625 535.70538330078125
462.629913330078125 463.142486572265625 460.78424072265625 464.194183349609375 484.344940185546875 468.4451904296875 445.130828857421875 427.82470703125 414.419525146484375 439.931365966796875 449.53826904296875 451.913543701171875 460.49688720703125 451.31048583984375 427.77801513671875 437.314544677734375 446.724884033203125 477.0257568359375 502.133544921875 512.50726318359375 484.830230712890625 450.50018310546875 467.27410888671875 489.84625244140625 472.824310302734375 451.747344970703125 430.53955078125 462.20025634765625 473.24371337890625 475.514251708984375 476.242706298828125 495.14501953125 501.31182861328125 495.8514404296875 513.34039306640625 500.634918212890625 496.76666259765625 501.6165771484375 494.4932861328125 484.936004638671875 488.491607666015625 517.82550048828125 552.13372802734375 563.2227783203125 547.6341552734375
461.88323974609375 461.429473876953125 461.938385009765625 465.885772705078125 470.688995361328125 463.568359375 449.404632568359375 426.56195068359375 414.5970458984375 438.24591064453125 448.1529541015625 452.610565185546875 438.832733154296875 431.863128662109375 426.255035400390625 432.48284912109375 454.94146728515625 484.344085693359375 513.6142578125 513.83770751953125 475.93084716796875 456.50421142578125 455.832855224609375 472.856536865234375 470.258941650390625 429.4346923828125 436.726654052734375 451.55328369140625 479.958099365234375 464.49578857421875 472.632354736328125 493.709747314453125 494.00067138671875 502.610687255859375 509.840301513671875 502.926910400390625 495.51055908203125 498.84600830078125 500.8218994140625 484.99151611328125 488.051361083984375 509.810821533203125 545.79632568359375 568.27734375 564.53369140625
464.396575927734375 464.132904052734375 463.4703369140625 468.833404541015625 476.24395751953125 468.092803955078125 449.87200927734375 430.555206298828125 420.750335693359375 434.85687255859375 454.227325439453125 446.264617919921875 439.729217529296875 425.807037353515625 423.1278076171875 429.659912109375 447.4287109375 472.770751953125 481.851715087890625 490.537078857421875 473.931488037109375 457.852020263671875 458.009765625 467.11669921875 459.743377685546875 422.091461181640625 422.85833740234375 461.233184814453125 469.01641845703125 464.773590087890625 485.158203125 491.243377685546875 488.1396484375 512.86163330078125 521.06298828125 512.17840576171875 498.423004150390625 501.378814697265625 501.563232421875 492.013458251953125 488.606536865234375 504.105560302734375 545.49298095703125 567.9093017578125 567.57672119140625
462.84759521484375 462.0965576171875 468.292144775390625 476.71893310546875 476.783538818359375 476.1724853515625 453.67706298828125 430.3863525390625 440.19354248046875 429.718994140625 436.335601806640625 432.84161376953125 425.0489501953125 425.5244140625 419.36358642578125 428.38909912109375 435.61346435546875 447.372528076171875 462.861724853515625 486.017608642578125 473.42462158203125 462.586395263671875 461.36151123046875 465.567626953125 463.85369873046875 426.277862548828125 403.447265625 442.139556884765625 465.2164306640625 461.18560791015625 474.537078857421875 489.227996826171875 502.534759521484375 514.07232666015625 514.52716064453125 501.97723388671875 490.148529052734375 497.561553955078125 503.96759033203125 492.64691162109375 490.244415283203125 501.802703857421875 535.6124267578125 568.05499267578125 576.69268798828125
454.243194580078125 458.37933349609375 463.13446044921875 476.9197998046875 470.981842041015625 468.88525390625 447.803131103515625 432.01007080078125 434.533966064453125 429.11297607421875 454.335418701171875 433.419403076171875 421.6641845703125 416.30682373046875 415.7581787109375 426.554473876953125 429.268310546875 450.87255859375 468.49951171875 500.733367919921875 488.4866943359375 467.97149658203125 456.52142333984375 462.576934814453125 437.750732421875 429.471099853515625 393.9732666015625 428.629302978515625 453.6524658203125 480.887725830078125 485.706085205078125 481.84307861328125 500.402679443359375 504.367645263671875 514.26092529296875 501.36077880859375 487.835113525390625 499.607421875 502.5712890625 492.656890869140625 491.76165771484375 505.225006103515625 544.68792724609375 564.60882568359375 578.25335693359375
450.6014404296875 454.43121337890625 463.220428466796875 471.521575927734375 464.3642578125 450.797027587890625 441.874237060546875 438.83050537109375 439.322998046875 435.54241943359375 438.50018310546875 427.45428466796875 421.576446533203125 404.712982177734375 417.1448974609375 427.57293701171875 438.2322998046875 448.650909423828125 473.17510986328125 495.916656494140625 486.837738037109375 459.271148681640625 449.30010986328125 475.04669189453125 499.1517333984375 466.1121826171875 390.18524169921875 423.045257568359375 443.0098876953125 453.42755126953125 456.844512939453125 464.968994140625 496.380126953125 495.386688232421875 493.65008544921875 497.239654541015625 487.134857177734375 495.88531494140625 500.61114501953125 495.909088134765625 494.51837158203125 514.99456787109375 568.04986572265625 576.4810791015625 574.949462890625
448.30633544921875 450.59710693359375 456.001190185546875 461.080902099609375 464.9927978515625 459.67169189453125 430.0142822265625 447.094268798828125 451.693206787109375 439.541351318359375 440.391082763671875 433.15765380859375 427.98333740234375 404.712982177734375 405.51837158203125 425.009552001953125 428.599395751953125 441.46551513671875 478.609649658203125 511.804168701171875 473.61651611328125 452.34326171875 451.435638427734375 491.67156982421875 508.23687744140625 469.9736328125 387.894317626953125 421.871490478515625 433.547271728515625 440.2039794921875 444.8189697265625 462.15057373046875 493.51434326171875 494.26385498046875 493.738006591796875 485.124267578125 497.94049072265625 512.59637451171875 509.861053466796875 499.025360107421875 498.599945068359375 507.271240234375 555.8388671875 581.995361328125 576.61846923828125
445.857208251953125 448.75860595703125 451.8507080078125 462.285400390625 466.99395751953125 460.21575927734375 432.6929931640625 457.26263427734375 451.81011962890625 448.749359130859375 441.798980712890625 439.784210205078125 413.806060791015625 407.899658203125 415.8604736328125 415.467437744140625 404.1639404296875 454.588409423828125 481.73028564453125 491.303955078125 481.6265869140625 451.556060791015625 444.8243408203125 470.385040283203125 493.263336181640625 448.272735595703125 385.667144775390625 405.42510986328125 431.11077880859375 440.62322998046875 457.34539794921875 477.39788818359375 493.16021728515625 483.295989990234375 488.292938232421875 488.53594970703125 511.6290283203125 532.5985107421875 524.20001220703125 504.99981689453125 497.33575439453125 527.62969970703125 550.18170166015625 574.11627197265625 575.271484375
441.969757080078125 451.07745361328125 451.912994384765625 450.34478759765625 451.80181884765625 456.3973388671875 431.30889892578125 431.908660888671875 468.472503662109375 476.217742919921875 439.825714111328125 442.857086181640625 412.94879150390625 403.437713623046875 404.766204833984375 415.76068115234375 400.47235107421875 427.345916748046875 469.2515869140625 466.65985107421875 449.54339599609375 433.891632080078125 452.573028564453125 462.34368896484375 491.055206298828125 465.493408203125 376.90740966796875 354.408233642578125 396.108245849609375 406.864532470703125 410.651092529296875 440.67132568359375 484.732757568359375 459.710662841796875 500.162017822265625 485.009674072265625 510.445953369140625 550.26531982421875 535.5499267578125 510.46575927734375 500.82159423828125 526.18731689453125 560.31201171875 580.52490234375 584.0146484375
441.853912353515625 447.918792724609375 449.829010009765625 444.603057861328125 452.71929931640625 449.757476806640625 431.23101806640625 434.529937744140625 466.97991943359375 472.985809326171875 444.45257568359375 442.564453125 416.106658935546875 391.1646728515625 407.778411865234375 402.4749755859375 399.73388671875 420.9107666015625 446.519805908203125 449.664031982421875 428.8275146484375 441.572296142578125 464.39813232421875 481.965911865234375 504.3076171875 453.345062255859375 386.54931640625 345.57708740234375 388.112823486328125 422.537628173828125 446.150146484375 476.562591552734375 456.184906005859375 477.287933349609375 500.884185791015625 488.525634765625 533.31427001953125 562.32000732421875 540.08331298828125 522.02880859375 502.541046142578125 525.146728515625 551.222412109375 577.2474365234375 585.7982177734375
442.20697021484375 441.294403076171875 438.7584228515625 439.91619873046875 456.51361083984375 449.78369140625 423.479644775390625 397.242645263671875 433.626678466796875 457.618927001953125 438.549102783203125 425.40643310546875 395.778228759765625 377.691192626953125 391.241455078125 387.59600830078125 396.390899658203125 410.7733154296875 429.949249267578125 417.7862548828125 437.219635009765625 438.66094970703125 468.9027099609375 499.844573974609375 491.558441162109375 446.873077392578125 367.55828857421875 354.5941162109375 429.708892822265625 445.6236572265625 456.7774658203125 470.4835205078125 478.322296142578125 474.99029541015625 492.663787841796875 500.84661865234375 539.99114990234375 575.0701904296875 546.83477783203125 528.71392822265625 509.272491455078125 513.1011962890625 546.53179931640625 565.46832275390625 580.3818359375
439.7198486328125 439.5098876953125 435.9617919921875 443.100799560546875 450.4710693359375 439.992462158203125 421.35833740234375 393.717742919921875 427.43902587890625 445.299591064453125 428.520355224609375 415.1376953125 398.71527099609375 388.6279296875 377.11297607421875 385.59320068359375 404.023712158203125 400.93157958984375 415.053436279296875 419.32958984375 468.9423828125 442.558197021484375 459.72314453125 466.58502197265625 461.898406982421875 400.22491455078125 349.9556884765625 352.30950927734375 440.198028564453125 465.924163818359375 471.9661865234375 486.4755859375 488.148468017578125 490.936279296875 503.813232421875 500.723785400390625 543.5323486328125 571.66302490234375 566.80438232421875 529.472412109375 511.379791259765625 528.89605712890625 557.859375 596.45489501953125 590.71484375
431.25311279296875 429.34039306640625 433.557769775390625 439.624755859375 430.586151123046875 428.202056884765625 403.902923583984375 392.983795166015625 431.79296875 447.082489013671875 437.754730224609375 421.284820556640625 409.7255859375 384.51312255859375 377.704315185546875 396.2095947265625 434.41015625 389.993255615234375 391.85955810546875 423.81256103515625 467.93145751953125 454.96630859375 474.236328125 488.707000732421875 458.473846435546875 401.16912841796875 334.755950927734375 394.889190673828125 432.4619140625 476.186492919921875 478.874420166015625 507.749603271484375 506.369964599609375 511.88958740234375 506.077117919921875 511.400543212890625 527.22210693359375 547.9664306640625 572.41925048828125 549.257080078125 512.641845703125 533.87860107421875 574.97332763671875 604.100341796875 592.63299560546875
426.6309814453125 426.374542236328125 432.03643798828125 440.380767822265625 427.109832763671875 416.45831298828125 376.889984130859375 390.30657958984375 414.28228759765625 438.582000732421875 468.308624267578125 424.583984375 408.031768798828125 386.940948486328125 374.546844482421875 379.22796630859375 421.867156982421875 370.622711181640625 392.324249267578125 450.88232421875 446.88336181640625 436.0347900390625 477.0946044921875 475.99554443359375 430.8494873046875 400.501129150390625 329.157958984375 420.154266357421875 453.532806396484375 481.688995361328125 496.095184326171875 498.3890380859375 512.4715576171875 511.133209228515625 528.37615966796875 517.44085693359375 539.73370361328125 563.834228515625 585.63690185546875 559.20703125 524.111328125 529.7733154296875 576.4024658203125 602.20733642578125 590.86077880859375
423.504180908203125 426.527862548828125 428.000457763671875 441.0599365234375 436.3638916015625 406.54168701171875 369.019561767578125 385.941864013671875 423.268341064453125 431.364532470703125 448.9007568359375 450.240142822265625 418.354339599609375 398.102996826171875 381.07745361328125 370.321319580078125 370.9364013671875 379.806640625 410.2603759765625 449.70880126953125 431.989410400390625 436.742645263671875 488.5753173828125 502.073699951171875 419.50115966796875 378.16497802734375 329.442108154296875 431.0233154296875 461.734405517578125 507.90869140625 500.2845458984375 512.67431640625 505.323822021484375 526.97076416015625 517.6038818359375 516.51165771484375 554.51226806640625 560.43951416015625 586.466552734375 569.3433837890625 538.02801513671875 538.81304931640625 592.5386962890625 606.3011474609375 589.88201904296875
423.156707763671875 425.57000732421875 427.49151611328125 440.5447998046875 430.11566162109375 391.398040771484375 356.859405517578125 383.5802001953125 422.692169189453125 420.278167724609375 438.671875 490.134918212890625 444.226776123046875 396.286102294921875 383.40924072265625 376.920257568359375 360.097015380859375 400.38763427734375 443.599517822265625 453.09637451171875 421.96661376953125 433.415008544921875 461.986572265625 507.95733642578125 429.782989501953125 367.109832763671875 323.180419921875 384.836395263671875 446.675262451171875 512.398193359375 521.4384765625 512.10302734375 482.5260009765625 484.70416259765625 475.33074951171875 533.65606689453125 545.838623046875 571.97021484375 600.74951171875 580.6829833984375 551.8099365234375 546.9334716796875 594.7799072265625 605.84869384765625 588.1787109375
421.39129638671875 427.7353515625 428.58111572265625 428.869232177734375 406.11993408203125 403.850555419921875 334.0697021484375 380.78778076171875 408.736297607421875 415.31689453125 433.404998779296875 482.652130126953125 436.006439208984375 402.4100341796875 387.0582275390625 368.3677978515625 362.388641357421875 403.470001220703125 459.655059814453125 448.174224853515625 419.091033935546875 416.721710205078125 452.2969970703125 485.562957763671875 432.91748046875 370.729278564453125 318.632049560546875 367.870941162109375 448.5574951171875 511.8763427734375 524.70538330078125 507.088897705078125 516.5235595703125 463.483734130859375 474.137847900390625 480.274658203125 536.489501953125 548.3402099609375 596.365234375 585.32928466796875 564.56195068359375 562.30224609375 603.7791748046875 600.349609375 584.330322265625
