Figure1b/Fig1_DEM.asc
ncols        632
nrows        380
xllcorner    624696.342741000000
yllcorner    4223255.027710000053
cellsize     200.000000000000
NODATA_value  -9999
[rows 160 to 179 of 380, columns 180 to 224 of 632]
59.338134765625 52.755641937255859375 68.74493408203125 54.691776275634765625 45.875690460205078125 45.801303863525390625 40.493076324462890625 39.49065399169921875 41.9306182861328125 42.967288970947265625 53.8857421875 62.10097503662109375 55.44925689697265625 47.434116363525390625 45.21596527099609375 46.965763092041015625 49.6798248291015625 54.6363525390625 63.70758819580078125 72.5269012451171875 74.69553375244140625 73.32436370849609375 60.7516021728515625 73.95917510986328125 83.7430267333984375 77.3878021240234375 73.1344146728515625 91.33011627197265625 92.005462646484375 79.6616363525390625 86.92826080322265625 82.99263763427734375 85.795623779296875 84.46074676513671875 82.859130859375 96.00847625732421875 106.38641357421875 108.90761566162109375 116.18881988525390625 124.2150115966796875 128.0218963623046875 139.57708740234375 134.049560546875 142.115386962890625 154.95184326171875
62.12606048583984375 57.187225341796875 54.791690826416015625 50.789592742919921875 45.911075592041015625 40.1684417724609375 39.835536956787109375 41.28639984130859375 42.085422515869140625 43.261905670166015625 52.181529998779296875 61.64546966552734375 61.057376861572265625 55.201457977294921875 56.592662811279296875 53.44202423095703125 56.6948394775390625 55.24063873291015625 61.93724822998046875 71.19062042236328125 74.31793212890625 75.4695892333984375 66.345977783203125 66.18553924560546875 71.35921478271484375 66.99575042724609375 85.0511627197265625 81.2737884521484375 78.52911376953125 83.5767364501953125 80.87311553955078125 84.1923370361328125 79.14589691162109375 84.96282196044921875 97.1456756591796875 105.34423065185546875 103.2376708984375 104.1743621826171875 109.7670135498046875 124.10652923583984375 129.0718231201171875 129.3875885009765625 139.304412841796875 139.0388336181640625 147.58819580078125
60.4486541748046875 49.7120361328125 47.514759063720703125 45.480480194091796875 44.76654815673828125 41.644222259521484375 37.1787109375 41.240447998046875 40.964813232421875 44.547760009765625 50.863727569580078125 54.68762969970703125 61.161403656005859375 79.99387359619140625 61.62302398681640625 60.574642181396484375 69.11284637451171875 75.00177001953125 59.1055450439453125 65.81671142578125 67.31878662109375 72.10182952880859375 61.62323760986328125 62.18795013427734375 66.44457244873046875 76.70302581787109375 73.61586761474609375 76.71529388427734375 73.83313751220703125 79.7826385498046875 75.24324798583984375 77.1648101806640625 76.0333709716796875 86.1139068603515625 95.13399505615234375 100.5347900390625 108.35414886474609375 110.382080078125 116.565521240234375 120.9450836181640625 114.85152435302734375 131.9141387939453125 144.0459136962890625 147.006622314453125 145.22686767578125
58.17130279541015625 61.3250579833984375 55.7144317626953125 56.849063873291015625 46.293865203857421875 39.13607025146484375 38.973484039306640625 40.64644622802734375 40.3470001220703125 46.624744415283203125 48.825366973876953125 50.036907196044921875 49.24193572998046875 54.78934478759765625 76.8498687744140625 79.7619476318359375 77.5137939453125 69.57570648193359375 61.752498626708984375 63.091609954833984375 61.437042236328125 60.299560546875 63.361968994140625 72.91399383544921875 66.8723907470703125 69.69818115234375 71.676116943359375 71.99897003173828125 77.80277252197265625 81.27405548095703125 68.383453369140625 72.40735626220703125 83.0228424072265625 88.30945587158203125 93.85366058349609375 91.75586700439453125 92.06700897216796875 105.00988006591796875 113.99408721923828125 106.50859832763671875 120.74224090576171875 130.502471923828125 135.226654052734375 134.4661407470703125 146.4348297119140625
50.687770843505859375 54.97966766357421875 54.61910247802734375 55.93129730224609375 45.8351593017578125 37.364513397216796875 38.474842071533203125 39.413238525390625 39.550556182861328125 47.05992889404296875 43.492706298828125 43.4033203125 46.98223876953125 55.74629974365234375 66.89469146728515625 61.406871795654296875 62.348663330078125 61.81432342529296875 62.584537506103515625 59.7328338623046875 57.253597259521484375 61.809581756591796875 61.083431243896484375 67.63059234619140625 66.0956268310546875 67.4639434814453125 68.4882049560546875 67.69498443603515625 71.90377044677734375 74.115997314453125 67.8471527099609375 71.77790069580078125 82.36280059814453125 87.12000274658203125 88.2995452880859375 98.4247589111328125 104.24483489990234375 106.4203338623046875 110.92913818359375 106.77356719970703125 108.65451812744140625 122.01827239990234375 125.95493316650390625 130.241607666015625 131.801361083984375
47.742740631103515625 49.521274566650390625 61.606685638427734375 47.22992706298828125 37.002017974853515625 37.3470001220703125 37.8206787109375 38.2415771484375 40.0425872802734375 45.87850189208984375 46.94718170166015625 47.35837554931640625 58.0611724853515625 55.39769744873046875 57.7492523193359375 55.419036865234375 57.587978363037109375 56.244945526123046875 55.742313385009765625 55.172428131103515625 55.46631622314453125 55.634979248046875 59.876964569091796875 63.717960357666015625 69.553009033203125 66.49188995361328125 66.55628204345703125 67.37879180908203125 73.94763946533203125 73.872222900390625 67.5721893310546875 73.41326141357421875 86.02033233642578125 78.64879608154296875 85.7308197021484375 92.34519195556640625 92.5493621826171875 93.236358642578125 93.72837066650390625 96.93170166015625 102.75176239013671875 107.2989501953125 121.89813995361328125 124.0513153076171875 132.8745574951171875
45.76320648193359375 46.893627166748046875 53.38307952880859375 48.657745361328125 37.3470001220703125 37.3470001220703125 37.546985626220703125 40.3060760498046875 44.9738006591796875 43.702259063720703125 56.81922149658203125 52.75341796875 48.7390594482421875 48.60524749755859375 51.7809600830078125 54.087574005126953125 55.530956268310546875 54.69446563720703125 54.319507598876953125 55.37676239013671875 56.685028076171875 57.929874420166015625 60.677036285400390625 66.23288726806640625 67.42670440673828125 61.734897613525390625 67.84441375732421875 72.07929229736328125 68.10529327392578125 69.18033599853515625 66.07669830322265625 76.86837005615234375 79.803070068359375 104.73889923095703125 85.9006805419921875 84.98767852783203125 92.241058349609375 100.75920867919921875 101.81159210205078125 109.95227813720703125 110.9240570068359375 104.44670867919921875 110.7130584716796875 116.80218505859375 124.1577301025390625
43.767810821533203125 40.687412261962890625 47.172000885009765625 36.145061492919921875 37.348140716552734375 37.3470001220703125 37.3470001220703125 50.705852508544921875 62.42021942138671875 64.169830322265625 73.54222869873046875 64.6233367919921875 53.328582763671875 54.814655303955078125 54.0247650146484375 51.980716705322265625 54.276824951171875 52.513042449951171875 53.919498443603515625 59.45284271240234375 61.216094970703125 56.995182037353515625 61.811893463134765625 63.759929656982421875 63.0961151123046875 65.52608489990234375 68.42256927490234375 66.5278167724609375 72.93743896484375 63.305145263671875 74.0941925048828125 78.4284210205078125 90.83956146240234375 99.69655609130859375 103.8758087158203125 91.70349884033203125 83.75370025634765625 90.89826202392578125 89.77447509765625 87.60781097412109375 93.1417236328125 103.24379730224609375 100.04595947265625 109.3631439208984375 106.64688873291015625
45.168430328369140625 45.977619171142578125 39.027862548828125 35.53855133056640625 36.488605499267578125 36.760570526123046875 39.223354339599609375 52.192935943603515625 55.6941375732421875 62.360530853271484375 52.140262603759765625 52.354831695556640625 50.27518463134765625 49.8053436279296875 49.549045562744140625 49.541534423828125 49.552001953125 49.048648834228515625 55.275928497314453125 62.41597747802734375 61.41573333740234375 56.312992095947265625 57.932559967041015625 55.52214813232421875 59.25688934326171875 62.837520599365234375 59.056224822998046875 63.665752410888671875 61.751605987548828125 68.88338470458984375 67.81470489501953125 70.498565673828125 73.83495330810546875 77.15955352783203125 84.21253204345703125 81.8300323486328125 75.05193328857421875 73.768218994140625 85.75463104248046875 101.62293243408203125 106.19744873046875 100.69097137451171875 92.73061370849609375 97.77695465087890625 98.94411468505859375
41.272243499755859375 40.587207794189453125 38.65399932861328125 35.350093841552734375 36.109241485595703125 36.847515106201171875 43.10655975341796875 65.38114166259765625 50.5615386962890625 47.475830078125 47.051761627197265625 48.130340576171875 48.716518402099609375 48.514636993408203125 47.898128509521484375 49.555938720703125 49.28524017333984375 50.216739654541015625 53.864582061767578125 54.04265594482421875 53.9236297607421875 54.813457489013671875 54.445484161376953125 49.990489959716796875 53.368633270263671875 56.09942626953125 69.765106201171875 72.056060791015625 64.22718048095703125 80.16379547119140625 74.67464447021484375 73.41269683837890625 80.0663909912109375 83.46955108642578125 86.7455291748046875 79.07727813720703125 71.64069366455078125 71.1952667236328125 78.030181884765625 87.79309844970703125 101.6212615966796875 98.7373046875 90.9093170166015625 98.291748046875 91.45264434814453125
43.34735107421875 40.10308837890625 37.3470001220703125 34.69170379638671875 35.66339874267578125 36.84410858154296875 40.357143402099609375 55.0270233154296875 49.05185699462890625 45.41307830810546875 46.353977203369140625 44.30556488037109375 52.528118133544921875 46.243206024169921875 43.902256011962890625 48.960567474365234375 46.0579376220703125 48.161022186279296875 50.3382415771484375 49.546627044677734375 50.244312286376953125 50.324695587158203125 49.85338592529296875 52.77413177490234375 56.578418731689453125 60.619808197021484375 72.79663848876953125 80.64959716796875 68.686279296875 73.02899932861328125 86.69647216796875 81.61753082275390625 76.78934478759765625 79.66281890869140625 88.597564697265625 84.05245208740234375 76.2347564697265625 71.905914306640625 82.00652313232421875 76.51371002197265625 87.80448150634765625 95.38881683349609375 81.0262603759765625 93.98300933837890625 87.00455474853515625
40.236225128173828125 38.057163238525390625 37.64121246337890625 34.857059478759765625 35.1483154296875 36.877948760986328125 41.72089385986328125 52.0074615478515625 60.02480316162109375 45.338314056396484375 45.7951812744140625 43.5151824951171875 43.46543121337890625 43.7185516357421875 44.839542388916015625 44.15810394287109375 43.618366241455078125 46.152866363525390625 48.54236602783203125 49.425952911376953125 50.158172607421875 52.424434661865234375 54.202693939208984375 84.45503997802734375 69.26451873779296875 67.58922576904296875 68.67746734619140625 85.17336273193359375 75.96460723876953125 72.8690185546875 86.01053619384765625 86.1394500732421875 80.68715667724609375 83.006927490234375 87.345733642578125 91.67914581298828125 77.62798309326171875 63.76666259765625 90.53191375732421875 93.876983642578125 74.25318145751953125 78.91764068603515625 86.50103759765625 93.2862548828125 93.80535888671875
39.667247772216796875 36.0004730224609375 34.3745269775390625 34.547321319580078125 34.7966156005859375 46.8246307373046875 41.604839324951171875 44.916095733642578125 49.17246246337890625 42.5096435546875 40.910617828369140625 45.38899993896484375 47.897113800048828125 56.4598236083984375 48.4589996337890625 53.30651092529296875 62.571231842041015625 66.2235565185546875 53.511112213134765625 54.043300628662109375 64.2593994140625 85.540313720703125 86.844879150390625 76.76966094970703125 74.3584136962890625 75.81191253662109375 80.56768035888671875 87.23912811279296875 81.9862518310546875 85.43833160400390625 82.43988037109375 86.070892333984375 86.9457855224609375 87.21991729736328125 94.532623291015625 94.72420501708984375 67.4197998046875 61.7152252197265625 80.1437530517578125 91.45566558837890625 90.31363677978515625 83.3238372802734375 87.04807281494140625 86.93853759765625 84.9237823486328125
36.703189849853515625 34.5240631103515625 33.96453857421875 34.2437744140625 33.846805572509765625 51.1302642822265625 49.573169708251953125 43.704746246337890625 42.180408477783203125 40.932476043701171875 42.855800628662109375 47.006389617919921875 56.781261444091796875 66.68305206298828125 58.071773529052734375 53.985866546630859375 56.100078582763671875 67.695953369140625 81.5541229248046875 60.36357879638671875 72.50093841552734375 85.3433685302734375 68.6496734619140625 80.19728851318359375 85.40026092529296875 81.89495086669921875 83.23856353759765625 74.21697998046875 79.43939208984375 73.8780364990234375 79.9624786376953125 91.02738189697265625 97.335906982421875 91.69306182861328125 77.7129974365234375 80.3840789794921875 82.0457916259765625 60.87218475341796875 68.18422698974609375 86.6183013916015625 80.0467376708984375 72.97641754150390625 73.6992034912109375 81.62787628173828125 99.7096405029296875
33.71070098876953125 34.0825653076171875 33.8472900390625 34.3408050537109375 48.370876312255859375 48.278308868408203125 45.015506744384765625 42.608661651611328125 39.246795654296875 44.139888763427734375 62.03824615478515625 49.824283599853515625 58.052631378173828125 56.48729705810546875 62.455524444580078125 70.2049560546875 66.449462890625 74.572418212890625 82.02874755859375 77.60272979736328125 85.74788665771484375 66.9219818115234375 72.29546356201171875 85.57692718505859375 83.7810211181640625 70.396881103515625 69.70627593994140625 67.0458831787109375 75.417510986328125 74.790557861328125 77.451385498046875 84.61896514892578125 86.180908203125 85.5399169921875 79.07752227783203125 75.451995849609375 72.1430206298828125 58.830387115478515625 60.848354339599609375 68.01622772216796875 68.82530975341796875 68.21179962158203125 91.992706298828125 81.17160797119140625 110.196441650390625
32.43896484375 33.20920562744140625 33.1086883544921875 40.693538665771484375 45.8953704833984375 43.219905853271484375 43.826755523681640625 37.345020294189453125 41.086437225341796875 44.409023284912109375 59.334880828857421875 49.2900238037109375 70.703033447265625 69.0947418212890625 67.95525360107421875 70.919342041015625 68.5607757568359375 62.162441253662109375 74.39716339111328125 77.0808563232421875 65.02674102783203125 61.22821044921875 80.25785064697265625 71.0567779541015625 72.614715576171875 67.91248321533203125 64.46245574951171875 70.99425506591796875 74.19574737548828125 69.00989532470703125 70.9599151611328125 86.18790435791015625 85.10394287109375 86.0486907958984375 84.63126373291015625 75.451995849609375 75.451995849609375 56.7832794189453125 56.7837371826171875 58.45819854736328125 69.868499755859375 80.333709716796875 79.04026031494140625 97.90586090087890625 100.55307769775390625
31.956815719604492188 32.3307037353515625 32.543170928955078125 42.66351318359375 40.02306365966796875 40.118255615234375 37.24102783203125 39.002597808837890625 43.06407928466796875 51.317005157470703125 56.41356658935546875 63.310924530029296875 61.6675567626953125 62.730804443359375 63.2349090576171875 69.26964569091796875 74.3773345947265625 75.57946014404296875 77.9863433837890625 70.192413330078125 59.980495452880859375 57.8204498291015625 66.42089080810546875 63.49897003173828125 68.99842071533203125 60.621303558349609375 58.766445159912109375 64.6890411376953125 71.74887847900390625 72.8962249755859375 67.774017333984375 74.4632415771484375 73.29801177978515625 78.72052764892578125 79.99251556396484375 75.69051361083984375 75.22972869873046875 59.31006622314453125 54.051998138427734375 62.271945953369140625 66.44289398193359375 76.72812652587890625 79.61014556884765625 85.0104827880859375 96.78192138671875
31.8470001220703125 31.957050323486328125 32.1475067138671875 36.70978546142578125 37.8509979248046875 40.745361328125 37.173366546630859375 42.0753021240234375 49.623683929443359375 56.8920745849609375 50.47369384765625 50.239124298095703125 51.896129608154296875 52.469394683837890625 58.52309417724609375 70.8006591796875 67.5769500732421875 73.42777252197265625 70.39395904541015625 66.3562774658203125 55.507358551025390625 54.783847808837890625 57.55889129638671875 64.3195648193359375 67.312652587890625 55.894153594970703125 56.480205535888671875 67.0876617431640625 63.2576751708984375 60.97475433349609375 69.26174163818359375 70.74971771240234375 72.59503936767578125 76.81915283203125 79.7138519287109375 79.64794921875 76.20948028564453125 62.7305450439453125 54.1413421630859375 54.2361907958984375 66.60888671875 74.7032012939453125 79.795013427734375 81.65084075927734375 61.62062835693359375
31.458415985107421875 31.751062393188476562 34.560260772705078125 36.6474761962890625 38.42153167724609375 35.49810028076171875 43.94564056396484375 40.271121978759765625 50.875110626220703125 43.826030731201171875 43.951129913330078125 47.089893341064453125 51.123653411865234375 51.667022705078125 56.2146759033203125 58.964260101318359375 62.628948211669921875 67.7051544189453125 65.67075347900390625 49.9847259521484375 50.435161590576171875 53.16970062255859375 54.888950347900390625 56.978176116943359375 63.35495758056640625 55.586124420166015625 60.254810333251953125 55.820110321044921875 55.047069549560546875 62.95534515380859375 61.62407684326171875 65.98944091796875 73.52752685546875 74.42807769775390625 76.89539337158203125 66.77001953125 80.20995330810546875 68.27629852294921875 53.500057220458984375 53.82386016845703125 79.9202728271484375 71.6568603515625 73.2440338134765625 51.25998687744140625 57.500171661376953125
31.151044845581054688 32.499469757080078125 34.925785064697265625 36.297031402587890625 35.768321990966796875 41.81756591796875 37.700595855712890625 43.851703643798828125 41.343204498291015625 42.272884368896484375 47.331085205078125 49.2317352294921875 53.3614654541015625 57.22631072998046875 58.966033935546875 61.05051422119140625 62.0661773681640625 60.423831939697265625 50.62152099609375 47.278568267822265625 62.352184295654296875 52.262592315673828125 54.80462646484375 55.656848907470703125 61.543514251708984375 56.4749603271484375 56.200641632080078125 50.3370361328125 52.805789947509765625 55.26194000244140625 58.59613037109375 61.40264129638671875 66.07472991943359375 78.0384368896484375 74.64191436767578125 61.765247344970703125 64.6148529052734375 68.177703857421875 57.51532745361328125 53.911808013916015625 77.201812744140625 69.24535369873046875 59.774982452392578125 52.40547943115234375 84.418365478515625
